[LEFT_CAM_2K]
cx=1124.85
cy=596.415
fx=1399.48
fy=1399.48
k1=-0.173027
k2=0.0275399

[LEFT_CAM_FHD]
cx=980.85
cy=515.415
fx=1399.48
fy=1399.48
k1=-0.173027
k2=0.0275399

[LEFT_CAM_HD]
cx=648.925
cy=346.208
fx=699.738
fy=699.738
k1=-0.173027
k2=0.0275399

[LEFT_CAM_VGA]
cx=339.463
cy=180.104
fx=349.869
fy=349.869
k1=-0.173027
k2=0.0275399

[RIGHT_CAM_2K]
cx=1121.81
cy=664.317
fx=1400.33
fy=1400.33
k1=-0.172581
k2=0.0270591

[RIGHT_CAM_FHD]
cx=977.805
cy=583.317
fx=1400.33
fy=1400.33
k1=-0.172581
k2=0.0270591

[RIGHT_CAM_HD]
cx=647.403
cy=380.159
fx=700.164
fy=700.164
k1=-0.172581
k2=0.0270591

[RIGHT_CAM_VGA]
cx=338.701
cy=197.079
fx=350.082
fy=350.082
k1=-0.172581
k2=0.0270591

[STEREO]
BaseLine=119.994
CV_2K=0.00977255
CV_FHD=0.00977255
CV_HD=0.00977255
CV_VGA=0.00977255
RX_2K=-0.00306059
RX_FHD=-0.00306059
RX_HD=-0.00306059
RX_VGA=-0.00306059
RZ_2K=-0.000228119
RZ_FHD=-0.000228119
RZ_HD=-0.000228119
RZ_VGA=-0.000228119
